****************************************************************************************************
     Average of energy (eV atom^-1)
----------------------------------------------------------------------------------------------------
          -4.90251452
****************************************************************************************************
     Average of force (X Y Z) (eV ang^-1 atom^-1)
----------------------------------------------------------------------------------------------------
           0.00000007      0.00000007      0.00000005
****************************************************************************************************
     Average of stress (XX YY ZZ XY XZ YZ) (GPa atom^-1)
----------------------------------------------------------------------------------------------------
           0.00552195      0.00630433      0.00518403      0.00012979      0.00003434     -0.00006468
****************************************************************************************************
     Variance of energy (eV atom^-1)
----------------------------------------------------------------------------------------------------
           0.01012846
****************************************************************************************************
     Variance of force (X Y Z) (eV ang^-1 atom^-1)
----------------------------------------------------------------------------------------------------
           0.00326653      0.00343718      0.00325135
****************************************************************************************************
     Variance of stress (XX YY ZZ XY XZ YZ) (GPa atom^-1)
----------------------------------------------------------------------------------------------------
           0.00321020      0.00304677      0.00352961      0.00159432      0.00120144      0.00113129
****************************************************************************************************
     Normalized histogram
     X, HIS_E, HIS_F, HIS_S
----------------------------------------------------------------------------------------------------
     -3.00000000      0.01860465      0.00690407      0.00600775      0.00680717      0.00930233      0.00000000      0.00000000      0.00930233      0.00000000      0.00000000
     -2.70000000      0.00465116      0.00571705      0.00576550      0.00615310      0.00930233      0.00465116      0.00465116      0.00465116      0.00000000      0.00000000
     -2.40000000      0.01860465      0.00971415      0.00993217      0.00922965      0.01395349      0.01860465      0.01860465      0.00465116      0.00930233      0.02325581
     -2.10000000      0.03255814      0.01303295      0.01477713      0.01327519      0.01860465      0.03255814      0.00930233      0.01395349      0.03255814      0.04186047
     -1.80000000      0.01860465      0.01925872      0.02364341      0.02037306      0.00930233      0.01395349      0.02790698      0.01860465      0.01860465      0.03255814
     -1.50000000      0.02790698      0.02921512      0.03594961      0.03282461      0.06046512      0.05116279      0.02790698      0.03720930      0.05116279      0.02790698
     -1.20000000      0.03255814      0.04539729      0.05455426      0.04886143      0.04651163      0.04186047      0.07441860      0.08837209      0.03720930      0.05581395
     -0.90000000      0.04651163      0.07148740      0.08284884      0.08267926      0.08372093      0.07441860      0.09302326      0.09302326      0.09767442      0.06976744
     -0.60000000      0.13023256      0.11952519      0.11862888      0.12255329      0.08372093      0.14418605      0.13023256      0.12558140      0.11627907      0.12093023
     -0.30000000      0.13488372      0.17516957      0.14312016      0.15111434      0.13488372      0.12558140      0.11162791      0.13023256      0.14418605      0.10697674
      0.00000000      0.14883721      0.17541182      0.14626938      0.15278585      0.15348837      0.11627907      0.14418605      0.11162791      0.14418605      0.10232558
      0.30000000      0.09302326      0.12088178      0.11831395      0.12204457      0.13953488      0.10697674      0.13023256      0.10697674      0.08372093      0.11627907
      0.60000000      0.07441860      0.07100291      0.08435078      0.08311531      0.06511628      0.10697674      0.10232558      0.11162791      0.07441860      0.08372093
      0.90000000      0.09767442      0.04263566      0.05465116      0.05261628      0.06511628      0.06976744      0.04186047      0.04651163      0.06976744      0.11162791
      1.20000000      0.09767442      0.02790698      0.03541667      0.03393895      0.04651163      0.02325581      0.01860465      0.02325581      0.06511628      0.05116279
      1.50000000      0.02325581      0.01875000      0.02451550      0.01957364      0.02790698      0.02325581      0.01395349      0.02790698      0.01395349      0.04186047
      1.80000000      0.00000000      0.01463178      0.01405039      0.01344477      0.00930233      0.01860465      0.01860465      0.00930233      0.00930233      0.00930233
      2.10000000      0.00000000      0.00901163      0.00993217      0.00823643      0.01395349      0.01860465      0.00465116      0.01860465      0.00000000      0.00465116
      2.40000000      0.00000000      0.00683140      0.00564438      0.00603198      0.00930233      0.00465116      0.01395349      0.01395349      0.02325581      0.00000000
      2.70000000      0.00000000      0.00436047      0.00363372      0.00356105      0.00000000      0.00465116      0.00465116      0.00465116      0.00465116      0.00000000
