   1 192   1   0  0.9589132E+01  0.2000000E+03
  CAR 
 unknown system                          
   0   0   0
   1   1
 256 256 256
 256
  0.1000000E-09
  0.3906250E-11
   1
  0.1500000E-14  0.8653209E-09  0.1505202E-08  0.1413541E-08
  0.2414238E+03  0.2414238E+03
  0.000  0.000  0.000  0.000
  0.000  0.000  0.000  0.000
  0.000  0.000  0.000  0.000
  0.000  0.000  0.000  0.000
  0.000  0.000  0.000  0.000
  0.000  0.000  0.000  0.000
  0.000  0.000  0.000  0.000
  0.000  0.000  0.000  0.000
  0.000  0.000  0.000  0.000
  0.000  0.000  0.000  0.000
  0.000  0.000  0.000  0.000
  0.000  0.000  0.000  0.000
  0.000  0.000  0.000  0.000
  0.000  0.000  0.000  0.000
  0.000  0.000  0.000  0.000
  0.000  0.000  0.000  0.000
  0.000  0.000  0.000  0.000
  0.000  0.000  0.000  0.000
  0.000  0.000  0.000  0.000
  0.000  0.000  0.000  0.000
  0.000  0.000  0.000  0.000
  0.000  0.000  0.000  0.000
  0.000  0.000  0.000  0.000
  0.148  0.000  0.334  0.000
  4.931  0.000 11.096  0.000
 14.334  0.000 32.253  0.000
  6.061  0.000 13.638  0.000
  0.565  0.000  1.271  0.000
  0.024  0.000  0.055  0.000
  0.001  0.000  0.002  0.000
  0.000  0.000  0.000  0.000
  0.000  0.000  0.000  0.000
  0.000  0.000  0.000  0.000
  0.000  0.000  0.001  0.000
  0.002  0.001  0.004  0.000
  0.009  0.002  0.019  0.000
  0.034  0.016  0.062  0.000
  0.150  0.125  0.212  0.000
  0.507  0.603  0.537  0.000
  1.269  1.740  1.115  0.000
  2.158  2.982  1.873  0.000
  2.506  3.056  2.583  0.000
  2.182  1.888  3.022  0.000
  1.625  0.741  2.915  0.000
  1.180  0.186  2.469  0.000
  0.854  0.042  1.880  0.000
  0.607  0.035  1.330  0.000
  0.428  0.063  0.900  0.000
  0.300  0.125  0.551  0.000
  0.252  0.243  0.324  0.000
  0.277  0.432  0.191  0.000
  0.377  0.736  0.113  0.000
  0.531  1.134  0.060  0.000
  0.722  1.589  0.035  0.000
  0.923  2.060  0.018  0.000
  1.084  2.430  0.009  0.000
  1.183  2.658  0.005  0.000
  1.149  2.580  0.004  0.000
  1.049  2.358  0.002  0.000
  0.904  2.032  0.001  0.000
  0.738  1.658  0.001  0.002
  0.575  1.287  0.001  0.019
  0.438  0.961  0.001  0.090
  0.373  0.734  0.001  0.416
  0.384  0.571  0.002  1.160
  0.487  0.470  0.003  2.492
  0.635  0.424  0.005  3.998
  0.748  0.384  0.009  5.164
  0.760  0.358  0.017  5.341
  0.666  0.335  0.029  4.542
  0.538  0.294  0.056  3.436
  0.434  0.283  0.102  2.361
  0.352  0.253  0.172  1.471
  0.327  0.221  0.296  0.876
  0.357  0.201  0.476  0.505
  0.429  0.184  0.712  0.280
  0.541  0.173  1.009  0.140
  0.681  0.182  1.331  0.077
  0.836  0.205  1.668  0.035
  0.963  0.232  1.931  0.019
  1.050  0.279  2.078  0.016
  1.072  0.348  2.061  0.011
  1.068  0.425  1.975  0.011
  1.033  0.526  1.796  0.012
  0.991  0.626  1.600  0.013
  0.960  0.742  1.415  0.016
  0.957  0.862  1.285  0.022
  0.965  0.982  1.184  0.025
  0.991  1.081  1.140  0.033
  1.009  1.142  1.117  0.045
  1.026  1.198  1.094  0.067
  1.037  1.226  1.087  0.079
  1.041  1.262  1.053  0.109
  1.026  1.275  0.998  0.141
  1.002  1.274  0.934  0.186
  0.980  1.264  0.883  0.233
  0.962  1.273  0.819  0.292
  0.945  1.260  0.767  0.398
  0.938  1.256  0.729  0.500
  0.927  1.237  0.694  0.617
  0.945  1.244  0.696  0.749
  0.971  1.260  0.701  0.894
  1.011  1.289  0.725  1.041
  1.072  1.333  0.772  1.229
  1.138  1.374  0.826  1.443
  1.199  1.405  0.883  1.643
  1.266  1.440  0.942  1.864
  1.339  1.483  1.013  2.064
  1.409  1.516  1.097  2.226
  1.462  1.524  1.166  2.397
  1.510  1.528  1.244  2.504
  1.529  1.493  1.309  2.547
  1.526  1.445  1.373  2.463
  1.503  1.377  1.422  2.329
  1.466  1.291  1.447  2.248
  1.425  1.217  1.452  2.152
  1.368  1.128  1.444  2.022
  1.308  1.057  1.424  1.849
  1.246  0.994  1.391  1.673
  1.194  0.946  1.355  1.548
  1.134  0.894  1.300  1.429
  1.090  0.868  1.263  1.291
  1.052  0.850  1.218  1.199
  1.026  0.840  1.186  1.135
  1.014  0.840  1.166  1.104
  1.012  0.845  1.159  1.088
  1.008  0.859  1.148  1.043
  1.006  0.870  1.137  1.022
  1.011  0.899  1.125  0.999
  1.018  0.916  1.126  0.993
  1.026  0.927  1.136  0.982
  1.033  0.949  1.138  0.944
  1.037  0.975  1.131  0.912
  1.034  0.992  1.118  0.863
  1.032  1.013  1.105  0.816
  1.029  1.030  1.092  0.773
  1.022  1.041  1.075  0.738
  1.009  1.046  1.049  0.699
  0.992  1.042  1.021  0.672
  0.969  1.035  0.989  0.623
  0.953  1.032  0.964  0.591
  0.939  1.020  0.951  0.563
  0.935  1.027  0.938  0.559
  0.936  1.032  0.938  0.543
  0.932  1.026  0.936  0.545
  0.926  1.017  0.929  0.551
  0.924  1.014  0.924  0.567
  0.927  1.019  0.919  0.588
  0.918  1.016  0.901  0.591
  0.915  1.017  0.885  0.628
  0.906  1.011  0.862  0.659
  0.894  1.000  0.841  0.681
  0.876  0.980  0.814  0.711
  0.872  0.967  0.801  0.773
  0.849  0.944  0.765  0.805
  0.834  0.926  0.741  0.842
  0.816  0.903  0.707  0.902
  0.806  0.891  0.689  0.931
  0.793  0.871  0.676  0.945
  0.783  0.851  0.673  0.953
  0.777  0.840  0.670  0.952
  0.776  0.832  0.673  0.963
  0.776  0.822  0.680  0.977
  0.786  0.815  0.700  1.017
  0.798  0.813  0.719  1.053
  0.810  0.810  0.747  1.065
  0.832  0.817  0.778  1.113
  0.851  0.819  0.812  1.134
  0.875  0.824  0.851  1.175
  0.895  0.828  0.888  1.190
  0.910  0.834  0.920  1.175
  0.929  0.842  0.954  1.178
  0.943  0.855  0.986  1.123
  0.956  0.862  1.018  1.084
  0.970  0.872  1.049  1.053
  0.984  0.890  1.079  0.986
  0.995  0.908  1.097  0.936
  0.996  0.922  1.095  0.891
  1.008  0.955  1.097  0.862
  1.026  1.002  1.093  0.856
  1.044  1.051  1.091  0.826
  1.056  1.074  1.100  0.810
  1.050  1.071  1.091  0.799
  1.045  1.061  1.090  0.803
  1.045  1.061  1.082  0.835
  1.051  1.072  1.076  0.866
  1.051  1.076  1.067  0.889
  1.054  1.081  1.059  0.927
  1.054  1.088  1.050  0.935
  1.059  1.093  1.049  0.962
  1.064  1.095  1.048  1.007
  1.061  1.092  1.032  1.052
  1.054  1.090  1.015  1.066
  1.043  1.077  1.009  1.041
  1.036  1.066  1.004  1.045
  1.028  1.052  1.004  1.031
  1.021  1.039  1.003  1.022
  1.022  1.026  1.014  1.037
  1.029  1.021  1.034  1.038
  1.038  1.011  1.066  1.031
  1.051  1.007  1.098  1.036
  1.058  1.007  1.113  1.041
  1.059  1.016  1.107  1.040
  1.060  1.018  1.100  1.062
  1.063  1.031  1.088  1.087
  1.064  1.046  1.072  1.100
  1.068  1.060  1.065  1.108
  1.077  1.074  1.066  1.131
  1.083  1.081  1.069  1.145
  1.089  1.094  1.064  1.168
  1.092  1.098  1.062  1.188
  1.099  1.105  1.066  1.213
  1.107  1.112  1.072  1.227
  1.107  1.111  1.076  1.208
  1.104  1.106  1.078  1.200
  1.100  1.098  1.083  1.174
  1.101  1.098  1.087  1.170
  1.107  1.095  1.104  1.163
  1.110  1.095  1.118  1.132
  1.106  1.092  1.119  1.105
  1.110  1.085  1.140  1.094
  1.112  1.084  1.149  1.073
  1.110  1.080  1.150  1.071
  1.103  1.065  1.150  1.066
  1.091  1.051  1.141  1.050
  1.080  1.045  1.129  1.020
  1.063  1.027  1.109  1.024
  1.043  1.004  1.088  1.020
  1.022  0.984  1.066  0.998
  1.005  0.967  1.045  0.997
  0.983  0.944  1.019  0.998
  0.965  0.923  0.997  1.001
  0.951  0.910  0.982  0.991
  0.935  0.897  0.963  0.973
  0.922  0.884  0.952  0.950
  0.915  0.880  0.944  0.934
  0.908  0.873  0.940  0.918
  0.895  0.862  0.924  0.907
  0.890  0.861  0.918  0.895
  0.890  0.859  0.921  0.886
  0.895  0.857  0.938  0.870
  0.898  0.859  0.948  0.853
  0.902  0.869  0.953  0.833
  0.895  0.874  0.935  0.818
  0.881  0.878  0.902  0.809
  0.870  0.885  0.871  0.806
  0.863  0.894  0.847  0.798
  0.863  0.901  0.840  0.797
  0.864  0.907  0.840  0.790
  0.863  0.915  0.831  0.788
  0.867  0.924  0.832  0.780
  0.870  0.926  0.835  0.783
  0.872  0.932  0.836  0.779
  0.877  0.937  0.843  0.777
  0.885  0.948  0.849  0.781
  0.899  0.962  0.863  0.797
