Automatically generated mesh
      26
Reciprocal lattice
    0.00000000000000    0.00000000000000    0.00000000000000             1
    0.25000000000000    0.00000000000000    0.00000000000000             2
    0.00000000000000    0.25000000000000    0.00000000000000             2
   -0.25000000000000    0.25000000000000    0.00000000000000             2
    0.50000000000000    0.00000000000000    0.00000000000000             1
    0.00000000000000    0.50000000000000    0.00000000000000             1
    0.50000000000000    0.50000000000000    0.00000000000000             1
    0.25000000000000    0.25000000000000    0.00000000000000             2
   -0.25000000000000    0.50000000000000    0.00000000000000             2
    0.50000000000000    0.25000000000000    0.00000000000000             2
    0.00000000000000    0.00000000000000    0.33333333333334             2
    0.25000000000000    0.00000000000000    0.33333333333334             2
    0.00000000000000    0.25000000000000    0.33333333333334             2
   -0.25000000000000    0.25000000000000    0.33333333333334             2
   -0.25000000000000    0.00000000000000    0.33333333333334             2
    0.00000000000000   -0.25000000000000    0.33333333333334             2
    0.25000000000000   -0.25000000000000    0.33333333333334             2
    0.50000000000000    0.00000000000000    0.33333333333334             2
    0.00000000000000    0.50000000000000    0.33333333333334             2
    0.50000000000000    0.50000000000000    0.33333333333334             2
    0.25000000000000    0.25000000000000    0.33333333333334             2
   -0.25000000000000    0.50000000000000    0.33333333333334             2
    0.50000000000000    0.25000000000000    0.33333333333334             2
   -0.25000000000000   -0.25000000000000    0.33333333333334             2
    0.25000000000000    0.50000000000000    0.33333333333334             2
    0.50000000000000   -0.25000000000000    0.33333333333334             2
