****************************************************************************************************
     Average of energy (eV atom^-1)
----------------------------------------------------------------------------------------------------
          -4.89355272
****************************************************************************************************
     Average of force (X Y Z) (eV ang^-1 atom^-1)
----------------------------------------------------------------------------------------------------
           0.00000009     -0.00000028     -0.00000021
****************************************************************************************************
     Average of stress (XX YY ZZ XY XZ YZ) (GPa atom^-1)
----------------------------------------------------------------------------------------------------
          -0.00127564     -0.00140469     -0.00140229     -0.00012547      0.00003776     -0.00009373
****************************************************************************************************
     Variance of energy (eV atom^-1)
----------------------------------------------------------------------------------------------------
           0.00846010
****************************************************************************************************
     Variance of force (X Y Z) (eV ang^-1 atom^-1)
----------------------------------------------------------------------------------------------------
           0.00308608      0.00310830      0.00308935
****************************************************************************************************
     Variance of stress (XX YY ZZ XY XZ YZ) (GPa atom^-1)
----------------------------------------------------------------------------------------------------
           0.00344045      0.00328335      0.00293977      0.00156589      0.00118150      0.00126838
****************************************************************************************************
     Normalized histogram
     X, HIS_E, HIS_F, HIS_S
----------------------------------------------------------------------------------------------------
     -3.00000000      0.01020408      0.00583428      0.00571618      0.00583428      0.00000000      0.00000000      0.00000000      0.01020408      0.00510204      0.00000000
     -2.70000000      0.03061224      0.00628307      0.00623583      0.00597600      0.00000000      0.00000000      0.00000000      0.00000000      0.00000000      0.01020408
     -2.40000000      0.01020408      0.00892857      0.00935374      0.00930650      0.00000000      0.00510204      0.01020408      0.01020408      0.00510204      0.01530612
     -2.10000000      0.01020408      0.01478647      0.01492819      0.01433768      0.01020408      0.01530612      0.00000000      0.01530612      0.02551020      0.00510204
     -1.80000000      0.01530612      0.02328987      0.02258125      0.02125850      0.02040816      0.01530612      0.03061224      0.03571429      0.02551020      0.05102041
     -1.50000000      0.01020408      0.03342309      0.03448602      0.03349395      0.03061224      0.03571429      0.04081633      0.05102041      0.03061224      0.05102041
     -1.20000000      0.01530612      0.05295729      0.05113851      0.05076058      0.05612245      0.07653061      0.04081633      0.06122449      0.04591837      0.05102041
     -0.90000000      0.04081633      0.08094766      0.07728647      0.07778250      0.12244898      0.10204082      0.14285714      0.07142857      0.10204082      0.07653061
     -0.60000000      0.15306122      0.12027589      0.11994520      0.11829176      0.17857143      0.15816327      0.14795918      0.09183673      0.11224490      0.12244898
     -0.30000000      0.13775510      0.15443122      0.15573035      0.16031274      0.17346939      0.14285714      0.12244898      0.13775510      0.10714286      0.09693878
      0.00000000      0.16326531      0.14793556      0.15641534      0.15787982      0.10714286      0.12244898      0.14285714      0.14795918      0.12755102      0.13775510
      0.30000000      0.13265306      0.11611867      0.11781935      0.11559902      0.07142857      0.11734694      0.11224490      0.11224490      0.15306122      0.09183673
      0.60000000      0.06632653      0.08056973      0.07797147      0.07877457      0.12244898      0.09183673      0.06122449      0.05102041      0.10204082      0.10204082
      0.90000000      0.10714286      0.05340608      0.05175265      0.05120937      0.04591837      0.04081633      0.06632653      0.08673469      0.05102041      0.07653061
      1.20000000      0.07142857      0.03410809      0.03332861      0.03391912      0.00510204      0.02551020      0.03571429      0.06122449      0.03061224      0.04591837
      1.50000000      0.01530612      0.02267574      0.02140023      0.02132937      0.01530612      0.01530612      0.00510204      0.02040816      0.02551020      0.03571429
      1.80000000      0.00000000      0.01587302      0.01558957      0.01462113      0.00510204      0.00510204      0.00510204      0.02551020      0.02551020      0.01530612
      2.10000000      0.00000000      0.00977891      0.00918840      0.00904667      0.00000000      0.00000000      0.01020408      0.00000000      0.01530612      0.01020408
      2.40000000      0.00000000      0.00562169      0.00592876      0.00576342      0.00510204      0.00510204      0.00510204      0.01020408      0.00000000      0.00510204
      2.70000000      0.00000000      0.00389739      0.00340136      0.00375567      0.00510204      0.00510204      0.00000000      0.00000000      0.00000000      0.00000000
