   1 216   1   0  0.7548076E+01  0.2000000E+03
  CAR 
 unknown system                          
   0   0   0
   1   1
 256 256 256
 256
  0.1000000E-09
  0.3906250E-11
   1
  0.1500000E-14  0.1247160E-08  0.1247160E-08  0.1210361E-08
  0.2427523E+03  0.2427523E+03
  0.000  0.000  0.000  0.000
  0.000  0.000  0.000  0.000
  0.000  0.000  0.000  0.000
  0.000  0.000  0.000  0.000
  0.000  0.000  0.000  0.000
  0.000  0.000  0.000  0.000
  0.000  0.000  0.000  0.000
  0.000  0.000  0.000  0.000
  0.000  0.000  0.000  0.000
  0.000  0.000  0.000  0.000
  0.000  0.000  0.000  0.000
  0.000  0.000  0.000  0.000
  0.000  0.000  0.000  0.000
  0.000  0.000  0.000  0.000
  0.000  0.000  0.000  0.000
  0.000  0.000  0.000  0.000
  0.000  0.000  0.000  0.000
  0.000  0.000  0.000  0.000
  0.000  0.000  0.000  0.000
  0.000  0.000  0.000  0.000
  0.000  0.000  0.000  0.000
  0.000  0.000  0.000  0.000
  0.001  0.000  0.001  0.000
  0.308  0.000  0.692  0.000
  7.346  0.000 16.530  0.000
 13.369  0.000 30.081  0.000
  3.020  0.000  6.795  0.000
  0.138  0.000  0.310  0.000
  0.002  0.000  0.004  0.000
  0.000  0.000  0.000  0.000
  0.000  0.000  0.000  0.000
  0.000  0.000  0.000  0.000
  0.000  0.000  0.000  0.000
  0.000  0.000  0.000  0.000
  0.000  0.000  0.000  0.000
  0.004  0.008  0.000  0.000
  0.045  0.100  0.002  0.000
  0.248  0.550  0.007  0.000
  0.784  1.739  0.024  0.000
  1.443  3.174  0.071  0.000
  1.453  3.084  0.186  0.000
  0.907  1.647  0.395  0.000
  0.534  0.504  0.697  0.000
  0.515  0.087  1.071  0.000
  0.630  0.010  1.407  0.000
  0.718  0.001  1.614  0.000
  0.742  0.001  1.668  0.000
  0.723  0.002  1.625  0.000
  0.667  0.005  1.496  0.000
  0.556  0.011  1.241  0.000
  0.465  0.025  1.021  0.000
  0.378  0.054  0.797  0.000
  0.312  0.107  0.594  0.000
  0.278  0.196  0.430  0.000
  0.282  0.330  0.303  0.000
  0.325  0.529  0.201  0.000
  0.412  0.787  0.140  0.000
  0.521  1.083  0.090  0.000
  0.653  1.406  0.063  0.000
  0.768  1.684  0.044  0.000
  0.858  1.895  0.036  0.000
  0.917  2.030  0.033  0.000
  0.925  2.045  0.034  0.004
  0.904  1.995  0.035  0.020
  0.857  1.863  0.047  0.072
  0.818  1.714  0.069  0.224
  0.791  1.536  0.098  0.581
  0.798  1.364  0.135  1.190
  0.832  1.213  0.180  1.912
  0.883  1.090  0.238  2.639
  0.928  0.995  0.310  3.128
  0.960  0.938  0.420  3.202
  0.987  0.911  0.537  3.093
  1.015  0.898  0.694  2.770
  1.040  0.901  0.864  2.302
  1.082  0.910  1.060  1.858
  1.137  0.941  1.248  1.481
  1.204  0.962  1.455  1.167
  1.283  0.978  1.666  0.973
  1.362  0.999  1.853  0.851
  1.426  1.000  2.006  0.810
  1.482  1.002  2.131  0.808
  1.518  0.993  2.208  0.859
  1.543  0.973  2.261  0.947
  1.545  0.948  2.264  1.055
  1.517  0.907  2.222  1.135
  1.474  0.869  2.150  1.192
  1.430  0.844  2.050  1.296
  1.351  0.823  1.881  1.344
  1.289  0.812  1.725  1.448
  1.214  0.801  1.551  1.521
  1.149  0.819  1.381  1.540
  1.088  0.846  1.212  1.565
  1.053  0.889  1.081  1.599
  1.016  0.931  0.957  1.589
  0.993  0.980  0.872  1.535
  0.974  1.009  0.815  1.470
  0.962  1.023  0.792  1.402
  0.948  1.034  0.773  1.306
  0.943  1.044  0.773  1.213
  0.934  1.038  0.787  1.107
  0.918  1.009  0.806  1.002
  0.914  1.007  0.818  0.923
  0.900  0.989  0.829  0.824
  0.892  0.999  0.824  0.738
  0.892  1.004  0.830  0.688
  0.888  1.015  0.826  0.623
  0.888  1.024  0.828  0.588
  0.891  1.049  0.818  0.557
  0.886  1.065  0.796  0.535
  0.884  1.084  0.775  0.519
  0.886  1.106  0.757  0.518
  0.882  1.116  0.742  0.506
  0.888  1.130  0.738  0.517
  0.901  1.153  0.738  0.546
  0.909  1.157  0.744  0.576
  0.924  1.173  0.751  0.620
  0.935  1.167  0.766  0.682
  0.950  1.171  0.783  0.730
  0.957  1.167  0.793  0.774
  0.968  1.167  0.810  0.802
  0.973  1.145  0.829  0.861
  0.975  1.121  0.840  0.930
  0.979  1.103  0.857  0.967
  0.977  1.070  0.878  1.001
  0.974  1.032  0.898  1.048
  0.964  0.995  0.911  1.053
  0.957  0.952  0.936  1.065
  0.955  0.916  0.961  1.088
  0.942  0.871  0.976  1.094
  0.935  0.841  0.992  1.087
  0.927  0.820  1.005  1.045
  0.922  0.796  1.024  1.024
  0.920  0.780  1.040  0.996
  0.931  0.775  1.076  0.973
  0.936  0.775  1.094  0.952
  0.948  0.785  1.112  0.946
  0.960  0.798  1.134  0.916
  0.975  0.813  1.153  0.913
  0.992  0.838  1.166  0.913
  1.002  0.844  1.174  0.949
  1.013  0.867  1.176  0.945
  1.018  0.885  1.172  0.937
  1.029  0.910  1.164  0.968
  1.030  0.922  1.149  0.987
  1.026  0.928  1.130  1.005
  1.025  0.942  1.105  1.042
  1.023  0.958  1.079  1.056
  1.011  0.968  1.045  1.051
  1.009  0.983  1.021  1.067
  1.004  0.992  0.997  1.081
  1.003  1.000  0.982  1.103
  1.003  1.018  0.964  1.100
  1.006  1.027  0.957  1.122
  1.015  1.040  0.956  1.151
  1.015  1.052  0.946  1.145
  1.020  1.066  0.943  1.144
  1.029  1.074  0.948  1.172
  1.033  1.084  0.944  1.189
  1.039  1.087  0.954  1.185
  1.048  1.096  0.959  1.211
  1.048  1.098  0.956  1.215
  1.053  1.101  0.960  1.237
  1.049  1.098  0.955  1.229
  1.049  1.096  0.956  1.228
  1.041  1.083  0.953  1.228
  1.034  1.080  0.946  1.204
  1.027  1.076  0.944  1.165
  1.017  1.068  0.941  1.121
  1.006  1.063  0.934  1.073
  0.996  1.051  0.936  1.020
  0.988  1.044  0.937  0.966
  0.978  1.040  0.934  0.909
  0.973  1.033  0.942  0.855
  0.967  1.029  0.948  0.803
  0.960  1.016  0.953  0.764
  0.958  1.012  0.963  0.719
  0.955  1.000  0.976  0.688
  0.956  0.996  0.988  0.665
  0.952  0.985  0.992  0.662
  0.946  0.973  0.993  0.658
  0.944  0.963  0.998  0.652
  0.942  0.954  1.000  0.660
  0.937  0.941  0.998  0.684
  0.935  0.932  0.996  0.705
  0.939  0.927  1.002  0.738
  0.944  0.925  1.005  0.778
  0.945  0.920  1.006  0.806
  0.947  0.918  1.004  0.840
  0.955  0.923  1.008  0.868
  0.967  0.934  1.017  0.902
  0.981  0.943  1.028  0.946
  0.996  0.955  1.043  0.975
  1.015  0.969  1.056  1.030
  1.036  0.988  1.072  1.088
  1.057  1.005  1.088  1.145
  1.073  1.019  1.103  1.171
  1.092  1.037  1.116  1.221
  1.103  1.049  1.118  1.264
  1.115  1.057  1.128  1.294
  1.118  1.057  1.132  1.303
  1.120  1.059  1.130  1.320
  1.114  1.057  1.123  1.310
  1.101  1.044  1.108  1.295
  1.089  1.032  1.098  1.280
  1.069  1.016  1.078  1.243
  1.049  1.000  1.059  1.208
  1.029  0.988  1.037  1.160
  1.009  0.974  1.017  1.117
  0.994  0.968  0.999  1.077
  0.985  0.970  0.981  1.060
  0.978  0.974  0.965  1.044
  0.975  0.984  0.951  1.031
  0.971  0.991  0.940  1.018
  0.972  1.000  0.935  1.005
  0.980  1.016  0.937  1.013
  0.993  1.040  0.938  1.025
  1.002  1.057  0.935  1.048
  1.017  1.081  0.940  1.070
  1.028  1.095  0.948  1.079
  1.036  1.103  0.952  1.101
  1.040  1.108  0.955  1.107
  1.041  1.105  0.963  1.095
  1.042  1.102  0.970  1.088
  1.037  1.090  0.974  1.075
  1.030  1.077  0.977  1.054
  1.025  1.066  0.982  1.030
  1.016  1.047  0.990  0.996
  1.008  1.031  0.996  0.958
  0.995  1.013  0.996  0.913
  0.982  0.997  0.994  0.875
  0.973  0.981  0.996  0.849
  0.966  0.971  0.997  0.821
  0.958  0.961  0.997  0.794
  0.957  0.950  1.006  0.789
  0.955  0.946  1.009  0.780
  0.954  0.940  1.014  0.773
  0.956  0.943  1.014  0.779
  0.959  0.939  1.016  0.811
  0.960  0.934  1.021  0.823
  0.972  0.946  1.028  0.850
  0.975  0.949  1.027  0.874
  0.976  0.950  1.023  0.892
  0.982  0.957  1.023  0.918
  0.984  0.959  1.023  0.932
  0.988  0.966  1.020  0.954
  0.991  0.974  1.015  0.961
  0.991  0.977  1.012  0.964
  0.993  0.984  1.006  0.974
  0.992  0.988  0.999  0.979
  0.992  0.996  0.991  0.978
  0.991  1.002  0.982  0.981
  0.991  1.005  0.978  0.988
  0.990  1.007  0.971  0.998
  0.990  1.012  0.967  0.997
  0.987  1.010  0.961  0.996
