Automatically generated mesh
      23
Reciprocal lattice
    0.00000000000000    0.00000000000000    0.00000000000000             1
    0.20000000000000    0.00000000000000    0.00000000000000             2
    0.40000000000000    0.00000000000000    0.00000000000000             2
    0.00000000000000    0.33333333333334    0.00000000000000             2
    0.20000000000000    0.33333333333334    0.00000000000000             2
    0.20000000000000   -0.33333333333333    0.00000000000000             2
    0.40000000000000    0.33333333333334    0.00000000000000             2
    0.40000000000000   -0.33333333333333    0.00000000000000             2
    0.00000000000000    0.00000000000000    0.33333333333334             2
    0.20000000000000    0.00000000000000    0.33333333333334             2
    0.20000000000000    0.00000000000000   -0.33333333333333             2
    0.40000000000000    0.00000000000000    0.33333333333334             2
    0.40000000000000    0.00000000000000   -0.33333333333333             2
    0.00000000000000    0.33333333333334    0.33333333333334             2
    0.00000000000000    0.33333333333334   -0.33333333333333             2
    0.20000000000000    0.33333333333334    0.33333333333334             2
    0.20000000000000   -0.33333333333333   -0.33333333333333             2
   -0.20000000000000    0.33333333333334   -0.33333333333333             2
   -0.20000000000000   -0.33333333333333    0.33333333333334             2
    0.40000000000000    0.33333333333334    0.33333333333334             2
    0.40000000000000   -0.33333333333333   -0.33333333333333             2
   -0.40000000000000    0.33333333333334   -0.33333333333333             2
   -0.40000000000000   -0.33333333333333    0.33333333333334             2
