****************************************************************************************************
     Average of energy (eV atom^-1)
----------------------------------------------------------------------------------------------------
          -4.90111668
****************************************************************************************************
     Average of force (X Y Z) (eV ang^-1 atom^-1)
----------------------------------------------------------------------------------------------------
           0.00000021     -0.00000038     -0.00000057
****************************************************************************************************
     Average of stress (XX YY ZZ XY XZ YZ) (GPa atom^-1)
----------------------------------------------------------------------------------------------------
           0.00827893      0.00825966      0.00871714     -0.00000534     -0.00019850      0.00006337
****************************************************************************************************
     Variance of energy (eV atom^-1)
----------------------------------------------------------------------------------------------------
           0.01050327
****************************************************************************************************
     Variance of force (X Y Z) (eV ang^-1 atom^-1)
----------------------------------------------------------------------------------------------------
           0.00445276      0.00446934      0.00446754
****************************************************************************************************
     Variance of stress (XX YY ZZ XY XZ YZ) (GPa atom^-1)
----------------------------------------------------------------------------------------------------
           0.00460231      0.00479438      0.00457669      0.00239386      0.00195549      0.00182471
****************************************************************************************************
     Normalized histogram
     X, HIS_E, HIS_F, HIS_S
----------------------------------------------------------------------------------------------------
     -3.00000000      0.01339286      0.00542535      0.00654142      0.00558036      0.00000000      0.00000000      0.00000000      0.00000000      0.00892857      0.00000000
     -2.70000000      0.00892857      0.00657242      0.00632440      0.00539435      0.00892857      0.00446429      0.00000000      0.00446429      0.00446429      0.00000000
     -2.40000000      0.01339286      0.00892857      0.00988963      0.00911458      0.00892857      0.01339286      0.01785714      0.01339286      0.00446429      0.00892857
     -2.10000000      0.04910714      0.01416791      0.01506696      0.01342386      0.02232143      0.03125000      0.01339286      0.02678571      0.00892857      0.01339286
     -1.80000000      0.02232143      0.02198041      0.02198041      0.02173239      0.04017857      0.02232143      0.04464286      0.01785714      0.03571429      0.03571429
     -1.50000000      0.03125000      0.03404018      0.03193204      0.03391617      0.04910714      0.04017857      0.05357143      0.04017857      0.05803571      0.05803571
     -1.20000000      0.02232143      0.05409846      0.04848710      0.05270337      0.04017857      0.07142857      0.07142857      0.05803571      0.04910714      0.08035714
     -0.90000000      0.01785714      0.08004712      0.07762897      0.08451141      0.10714286      0.08928571      0.06696429      0.08035714      0.06696429      0.08482143
     -0.60000000      0.12053571      0.11827257      0.11755952      0.12112475      0.08035714      0.10714286      0.13392857      0.11607143      0.14285714      0.14285714
     -0.30000000      0.14732143      0.15190972      0.16003224      0.15060764      0.12946429      0.10714286      0.07142857      0.17410714      0.12500000      0.12053571
      0.00000000      0.15178571      0.15324281      0.16443452      0.14862351      0.16071429      0.13392857      0.13839286      0.09375000      0.11160714      0.10267857
      0.30000000      0.11607143      0.11771453      0.11731151      0.12239583      0.10714286      0.11160714      0.10267857      0.15178571      0.13839286      0.05803571
      0.60000000      0.10267857      0.08144221      0.07378472      0.08097718      0.06250000      0.08482143      0.10267857      0.05803571      0.07589286      0.10267857
      0.90000000      0.10267857      0.05285838      0.04941716      0.05431548      0.05803571      0.06250000      0.06250000      0.04910714      0.07589286      0.05803571
      1.20000000      0.04017857      0.03462922      0.03410218      0.03066096      0.04464286      0.06250000      0.04910714      0.05803571      0.02678571      0.05803571
      1.50000000      0.03571429      0.02098834      0.02260045      0.02145337      0.03125000      0.02232143      0.03571429      0.01785714      0.02678571      0.03125000
      1.80000000      0.00446429      0.01478795      0.01429191      0.01339286      0.04017857      0.01785714      0.02232143      0.00446429      0.01785714      0.02678571
      2.10000000      0.00000000      0.00992063      0.00902158      0.00961062      0.00892857      0.00892857      0.01339286      0.01785714      0.00892857      0.00892857
      2.40000000      0.00000000      0.00520833      0.00573537      0.00641741      0.00000000      0.00000000      0.00000000      0.00000000      0.00446429      0.00000000
      2.70000000      0.00000000      0.00403026      0.00427827      0.00362723      0.00000000      0.00892857      0.00000000      0.01339286      0.00000000      0.00446429
