   1 144   1   0  0.9567679E+01  0.2000000E+03
  CAR 
 unknown system                          
   0   0   0
   1   1
 256 256 256
 256
  0.1000000E-09
  0.3906250E-11
   1
  0.1500000E-14  0.7504221E-09  0.1299769E-08  0.1412529E-08
  0.2496699E+03  0.2496699E+03
  0.000  0.000  0.000  0.000
  0.000  0.000  0.000  0.000
  0.000  0.000  0.000  0.000
  0.000  0.000  0.000  0.000
  0.000  0.000  0.000  0.000
  0.000  0.000  0.000  0.000
  0.000  0.000  0.000  0.000
  0.000  0.000  0.000  0.000
  0.000  0.000  0.000  0.000
  0.000  0.000  0.000  0.000
  0.000  0.000  0.000  0.000
  0.000  0.000  0.000  0.000
  0.000  0.000  0.000  0.000
  0.000  0.000  0.000  0.000
  0.000  0.000  0.000  0.000
  0.000  0.000  0.000  0.000
  0.000  0.000  0.000  0.000
  0.000  0.000  0.000  0.000
  0.000  0.000  0.000  0.000
  0.000  0.000  0.000  0.000
  0.000  0.000  0.000  0.000
  0.000  0.000  0.000  0.000
  0.000  0.000  0.000  0.000
  0.138  0.000  0.311  0.000
  4.576  0.000 10.296  0.000
 14.104  0.000 31.735  0.000
  6.366  0.000 14.324  0.000
  0.704  0.000  1.585  0.000
  0.036  0.000  0.081  0.000
  0.002  0.000  0.004  0.000
  0.000  0.000  0.001  0.000
  0.000  0.000  0.000  0.000
  0.001  0.000  0.001  0.000
  0.001  0.000  0.002  0.000
  0.004  0.000  0.009  0.000
  0.015  0.001  0.034  0.000
  0.056  0.024  0.101  0.000
  0.195  0.154  0.285  0.000
  0.593  0.656  0.678  0.000
  1.372  1.754  1.333  0.000
  2.262  2.962  2.127  0.000
  2.579  2.999  2.805  0.000
  2.182  1.858  3.051  0.000
  1.615  0.724  2.910  0.000
  1.146  0.190  2.388  0.000
  0.814  0.044  1.788  0.000
  0.565  0.037  1.234  0.000
  0.384  0.072  0.792  0.000
  0.270  0.145  0.463  0.000
  0.238  0.285  0.250  0.000
  0.281  0.497  0.137  0.000
  0.404  0.843  0.067  0.000
  0.597  1.311  0.033  0.000
  0.802  1.787  0.017  0.000
  0.997  2.233  0.009  0.000
  1.127  2.533  0.003  0.000
  1.199  2.696  0.002  0.000
  1.158  2.603  0.001  0.000
  1.042  2.343  0.001  0.000
  0.868  1.951  0.001  0.000
  0.688  1.547  0.001  0.005
  0.524  1.171  0.000  0.034
  0.393  0.848  0.000  0.147
  0.341  0.638  0.000  0.514
  0.369  0.487  0.000  1.371
  0.493  0.406  0.001  2.810
  0.649  0.360  0.002  4.396
  0.740  0.341  0.004  5.277
  0.740  0.331  0.012  5.287
  0.645  0.317  0.030  4.414
  0.527  0.300  0.061  3.300
  0.419  0.287  0.113  2.171
  0.357  0.258  0.203  1.366
  0.342  0.232  0.346  0.764
  0.379  0.198  0.556  0.395
  0.460  0.176  0.810  0.192
  0.599  0.169  1.157  0.087
  0.744  0.162  1.500  0.043
  0.885  0.173  1.812  0.024
  0.996  0.202  2.036  0.010
  1.043  0.239  2.107  0.004
  1.032  0.294  2.028  0.004
  0.979  0.360  1.843  0.002
  0.921  0.437  1.634  0.002
  0.879  0.542  1.434  0.003
  0.842  0.640  1.252  0.007
  0.852  0.754  1.160  0.012
  0.873  0.865  1.096  0.010
  0.903  0.963  1.066  0.013
  0.957  1.077  1.070  0.021
  1.011  1.189  1.076  0.035
  1.057  1.281  1.084  0.056
  1.091  1.372  1.064  0.079
  1.114  1.468  1.012  0.107
  1.124  1.541  0.951  0.143
  1.123  1.607  0.872  0.191
  1.115  1.639  0.809  0.244
  1.092  1.632  0.742  0.330
  1.055  1.587  0.680  0.429
  1.020  1.513  0.647  0.542
  1.001  1.449  0.632  0.685
  0.992  1.377  0.645  0.842
  1.004  1.323  0.677  1.037
  1.020  1.272  0.711  1.246
  1.063  1.249  0.774  1.474
  1.109  1.229  0.839  1.708
  1.175  1.231  0.924  1.960
  1.238  1.224  1.013  2.187
  1.308  1.234  1.120  2.358
  1.355  1.232  1.198  2.474
  1.402  1.235  1.273  2.582
  1.439  1.214  1.373  2.599
  1.452  1.181  1.446  2.561
  1.447  1.130  1.507  2.476
  1.426  1.091  1.533  2.333
  1.393  1.056  1.539  2.157
  1.362  1.030  1.543  1.970
  1.325  1.011  1.530  1.763
  1.284  0.984  1.507  1.592
  1.231  0.965  1.445  1.438
  1.183  0.960  1.377  1.297
  1.144  0.954  1.320  1.203
  1.105  0.960  1.249  1.109
  1.089  0.973  1.203  1.095
  1.080  0.992  1.163  1.097
  1.063  0.998  1.125  1.074
  1.055  0.997  1.102  1.093
  1.051  0.994  1.089  1.128
  1.058  1.007  1.092  1.128
  1.051  0.999  1.083  1.124
  1.048  0.997  1.080  1.127
  1.049  1.005  1.087  1.069
  1.041  1.005  1.087  1.004
  1.035  1.022  1.077  0.921
  1.020  1.018  1.061  0.863
  1.011  1.024  1.055  0.782
  1.005  1.041  1.039  0.721
  0.994  1.057  1.013  0.668
  0.981  1.061  0.992  0.614
  0.970  1.064  0.978  0.559
  0.958  1.060  0.966  0.519
  0.963  1.075  0.971  0.483
  0.954  1.059  0.971  0.464
  0.947  1.042  0.973  0.462
  0.951  1.047  0.976  0.464
  0.955  1.041  0.989  0.473
  0.959  1.048  0.987  0.491
  0.961  1.056  0.975  0.522
  0.957  1.046  0.962  0.582
  0.956  1.048  0.947  0.625
  0.947  1.052  0.915  0.652
  0.938  1.051  0.883  0.708
  0.929  1.040  0.858  0.765
  0.906  1.011  0.827  0.806
  0.891  1.004  0.784  0.866
  0.868  0.985  0.740  0.913
  0.845  0.960  0.702  0.956
  0.819  0.931  0.666  0.983
  0.799  0.904  0.640  1.017
  0.766  0.858  0.614  1.008
  0.743  0.814  0.601  1.024
  0.729  0.778  0.601  1.043
  0.719  0.752  0.599  1.065
  0.707  0.717  0.610  1.059
  0.717  0.705  0.640  1.077
  0.728  0.696  0.666  1.103
  0.754  0.689  0.728  1.122
  0.790  0.681  0.817  1.114
  0.815  0.681  0.869  1.130
  0.820  0.690  0.873  1.129
  0.831  0.699  0.885  1.140
  0.848  0.714  0.922  1.088
  0.871  0.741  0.960  1.039
  0.895  0.763  1.005  0.983
  0.917  0.797  1.037  0.920
  0.935  0.827  1.063  0.856
  0.957  0.860  1.089  0.818
  0.976  0.890  1.112  0.777
  0.993  0.927  1.121  0.743
  1.009  0.960  1.129  0.723
  1.023  0.989  1.135  0.707
  1.034  1.019  1.132  0.707
  1.037  1.043  1.113  0.702
  1.038  1.067  1.091  0.710
  1.041  1.088  1.070  0.736
  1.047  1.108  1.051  0.791
  1.054  1.116  1.046  0.839
  1.060  1.130  1.039  0.871
  1.069  1.141  1.036  0.909
  1.079  1.149  1.044  0.943
  1.088  1.152  1.050  0.980
  1.094  1.153  1.056  1.011
  1.098  1.147  1.064  1.032
  1.088  1.121  1.071  1.030
  1.083  1.103  1.076  1.030
  1.072  1.086  1.070  1.028
  1.061  1.068  1.061  1.036
  1.057  1.053  1.064  1.043
  1.050  1.038  1.065  1.033
  1.043  1.023  1.067  1.026
  1.044  1.017  1.074  1.028
  1.051  1.020  1.083  1.045
  1.060  1.022  1.099  1.055
  1.066  1.027  1.107  1.057
  1.078  1.041  1.119  1.058
  1.090  1.056  1.131  1.067
  1.083  1.052  1.113  1.082
  1.080  1.063  1.090  1.105
  1.074  1.065  1.070  1.131
  1.070  1.061  1.059  1.152
  1.063  1.057  1.045  1.160
  1.062  1.058  1.035  1.185
  1.066  1.057  1.042  1.194
  1.064  1.045  1.053  1.180
  1.070  1.043  1.068  1.184
  1.081  1.045  1.090  1.188
  1.091  1.044  1.114  1.190
  1.084  1.047  1.097  1.176
  1.072  1.051  1.069  1.165
  1.070  1.054  1.063  1.162
  1.074  1.055  1.071  1.164
  1.077  1.056  1.077  1.158
  1.076  1.051  1.082  1.155
  1.073  1.046  1.084  1.136
  1.071  1.043  1.084  1.128
  1.065  1.037  1.082  1.109
  1.059  1.036  1.078  1.079
  1.055  1.033  1.072  1.075
  1.049  1.026  1.069  1.062
  1.039  1.014  1.057  1.065
  1.029  0.999  1.051  1.066
  1.018  0.981  1.041  1.075
  1.009  0.972  1.032  1.064
  0.995  0.965  1.019  1.024
  0.982  0.955  1.006  0.995
  0.975  0.955  0.997  0.969
  0.964  0.951  0.984  0.938
  0.950  0.943  0.968  0.909
  0.940  0.937  0.956  0.887
  0.933  0.936  0.948  0.862
  0.927  0.938  0.938  0.839
  0.922  0.937  0.930  0.830
  0.916  0.936  0.919  0.827
  0.911  0.933  0.912  0.817
  0.904  0.934  0.896  0.812
  0.893  0.926  0.880  0.812
  0.888  0.922  0.872  0.815
  0.881  0.915  0.862  0.823
  0.878  0.915  0.856  0.821
  0.872  0.910  0.848  0.818
  0.864  0.900  0.842  0.810
  0.867  0.901  0.848  0.803
  0.869  0.904  0.850  0.806
  0.876  0.909  0.857  0.817
  0.881  0.913  0.861  0.834
  0.890  0.924  0.864  0.855
