****************************************************************************************************
     Average of energy (eV atom^-1)
----------------------------------------------------------------------------------------------------
          -4.85224587
****************************************************************************************************
     Average of force (X Y Z) (eV ang^-1 atom^-1)
----------------------------------------------------------------------------------------------------
           0.00000006      0.00000001     -0.00000005
****************************************************************************************************
     Average of stress (XX YY ZZ XY XZ YZ) (GPa atom^-1)
----------------------------------------------------------------------------------------------------
          -0.00233007     -0.00267708     -0.00228355     -0.00000448      0.00000348     -0.00002290
****************************************************************************************************
     Variance of energy (eV atom^-1)
----------------------------------------------------------------------------------------------------
           0.03073803
****************************************************************************************************
     Variance of force (X Y Z) (eV ang^-1 atom^-1)
----------------------------------------------------------------------------------------------------
           0.00435318      0.00433273      0.00434156
****************************************************************************************************
     Variance of stress (XX YY ZZ XY XZ YZ) (GPa atom^-1)
----------------------------------------------------------------------------------------------------
           0.00301764      0.00276460      0.00283332      0.00161925      0.00173396      0.00174316
****************************************************************************************************
     Normalized histogram
     X, HIS_E, HIS_F, HIS_S
----------------------------------------------------------------------------------------------------
     -3.00000000      0.00000000      0.00660791      0.00639752      0.00629622      0.00294551      0.00736377      0.00441826      0.00147275      0.00147275      0.00441826
     -2.70000000      0.00000000      0.00597673      0.00610141      0.00607803      0.00147275      0.00736377      0.00294551      0.00441826      0.00147275      0.00589102
     -2.40000000      0.00000000      0.00941316      0.00892224      0.00928848      0.01767305      0.00589102      0.01767305      0.01620029      0.01472754      0.01620029
     -2.10000000      0.00000000      0.01323920      0.01354310      0.01386259      0.02798233      0.01620029      0.02798233      0.01914580      0.01325479      0.01030928
     -1.80000000      0.20029455      0.02055622      0.02159260      0.02125753      0.04270987      0.03534610      0.03240059      0.03829161      0.03387334      0.03240059
     -1.50000000      0.05891016      0.03254864      0.03268891      0.03222137      0.04418262      0.05301915      0.05301915      0.05154639      0.04270987      0.04418262
     -1.20000000      0.01620029      0.04933336      0.04909180      0.05019832      0.04860088      0.05891016      0.05743741      0.05007364      0.06921944      0.05596465
     -0.90000000      0.00147275      0.07487669      0.07639619      0.07710530      0.06774669      0.08983800      0.07363770      0.08541973      0.08247423      0.08100147
     -0.60000000      0.00000000      0.11920736      0.11888008      0.11730603      0.08983800      0.08394698      0.08100147      0.10898380      0.13843888      0.12665685
     -0.30000000      0.01030928      0.16354583      0.16261854      0.16274322      0.12223859      0.11045655      0.09720177      0.10456554      0.11192931      0.13549337
      0.00000000      0.25331370      0.16386532      0.16195619      0.16087305      0.12076583      0.12960236      0.13254786      0.13843888      0.12371134      0.11192931
      0.30000000      0.14580265      0.11757097      0.11797617      0.11680732      0.11634757      0.14285714      0.12223859      0.11340206      0.11487482      0.10162003
      0.60000000      0.11634757      0.07642736      0.07686374      0.07885858      0.11487482      0.09131075      0.11634757      0.08247423      0.08836524      0.10014728
      0.90000000      0.13107511      0.04996454      0.04982428      0.05002688      0.08836524      0.06480118      0.07363770      0.07658321      0.05891016      0.05596465
      1.20000000      0.05891016      0.03180058      0.03257202      0.03236942      0.04270987      0.03681885      0.05449190      0.04860088      0.04418262      0.05007364
      1.50000000      0.00736377      0.02133545      0.02087570      0.02095363      0.03092784      0.03387334      0.03829161      0.02356406      0.01767305      0.03092784
      1.80000000      0.00000000      0.01408857      0.01387817      0.01426000      0.01030928      0.02061856      0.01030928      0.01767305      0.01620029      0.01325479
      2.10000000      0.00000000      0.00910926      0.00910926      0.00928848      0.00294551      0.00441826      0.00294551      0.01030928      0.00736377      0.01620029
      2.40000000      0.00000000      0.00578972      0.00578972      0.00575075      0.00294551      0.00147275      0.00147275      0.00441826      0.00589102      0.00441826
      2.70000000      0.00000000      0.00347539      0.00408319      0.00371695      0.00000000      0.00441826      0.00000000      0.00441826      0.00589102      0.00147275
