   1 189   1   0  0.1035974E+02  0.3500000E+03
  CAR 
 unknown system                          
   0   0   0
   1   1
 256 256 256
 256
  0.1000000E-09
  0.3906250E-11
   1
  0.1500000E-14  0.1250997E-08  0.1250986E-08  0.1251129E-08
  0.4177562E+03  0.4177562E+03
  0.000  0.000  0.000  0.000
  0.000  0.000  0.000  0.000
  0.000  0.000  0.000  0.000
  0.000  0.000  0.000  0.000
  0.000  0.000  0.000  0.000
  0.000  0.000  0.000  0.000
  0.000  0.000  0.000  0.000
  0.000  0.000  0.000  0.000
  0.000  0.000  0.000  0.000
  0.000  0.000  0.000  0.000
  0.000  0.000  0.000  0.000
  0.000  0.000  0.000  0.000
  0.000  0.000  0.000  0.000
  0.000  0.000  0.000  0.000
  0.000  0.000  0.000  0.000
  0.000  0.000  0.000  0.000
  0.000  0.000  0.000  0.000
  0.000  0.000  0.000  0.000
  0.000  0.000  0.000  0.000
  0.000  0.000  0.000  0.000
  0.000  0.000  0.000  0.000
  0.000  0.000  0.000  0.000
  0.043  0.000  0.097  0.000
  1.852  0.000  4.167  0.000
 11.485  0.000 25.841  0.000
 13.072  0.000 29.411  0.000
  3.683  0.000  8.287  0.000
  0.396  0.000  0.892  0.000
  0.025  0.000  0.056  0.000
  0.001  0.000  0.003  0.000
  0.000  0.000  0.000  0.000
  0.000  0.000  0.000  0.000
  0.000  0.000  0.000  0.000
  0.002  0.005  0.000  0.000
  0.015  0.032  0.001  0.000
  0.070  0.153  0.004  0.000
  0.242  0.537  0.008  0.000
  0.630  1.395  0.022  0.000
  1.146  2.538  0.042  0.000
  1.472  3.231  0.080  0.000
  1.325  2.844  0.136  0.000
  0.918  1.828  0.238  0.000
  0.534  0.856  0.346  0.000
  0.336  0.300  0.457  0.000
  0.293  0.095  0.565  0.000
  0.316  0.050  0.661  0.000
  0.353  0.057  0.738  0.000
  0.386  0.086  0.782  0.000
  0.413  0.126  0.804  0.000
  0.440  0.187  0.804  0.000
  0.477  0.266  0.807  0.000
  0.503  0.349  0.782  0.000
  0.527  0.450  0.736  0.000
  0.548  0.554  0.680  0.000
  0.585  0.675  0.642  0.000
  0.612  0.777  0.601  0.000
  0.644  0.884  0.566  0.000
  0.668  0.983  0.519  0.000
  0.695  1.069  0.495  0.000
  0.706  1.120  0.468  0.001
  0.708  1.156  0.436  0.002
  0.715  1.188  0.419  0.008
  0.720  1.206  0.407  0.027
  0.717  1.194  0.403  0.062
  0.723  1.178  0.410  0.154
  0.735  1.161  0.416  0.302
  0.747  1.126  0.424  0.523
  0.775  1.103  0.444  0.788
  0.815  1.069  0.485  1.117
  0.847  1.039  0.518  1.394
  0.874  0.999  0.561  1.629
  0.913  0.978  0.617  1.836
  0.942  0.962  0.673  1.938
  0.966  0.929  0.743  2.005
  0.996  0.908  0.824  2.041
  1.023  0.903  0.894  2.015
  1.048  0.899  0.972  1.948
  1.067  0.888  1.051  1.852
  1.097  0.891  1.133  1.781
  1.116  0.892  1.202  1.664
  1.135  0.894  1.271  1.554
  1.156  0.902  1.331  1.471
  1.163  0.904  1.362  1.405
  1.173  0.911  1.395  1.332
  1.183  0.924  1.421  1.261
  1.189  0.939  1.431  1.222
  1.197  0.962  1.434  1.184
  1.190  0.979  1.414  1.143
  1.186  1.001  1.385  1.131
  1.183  1.024  1.360  1.109
  1.175  1.039  1.339  1.063
  1.166  1.053  1.308  1.054
  1.160  1.070  1.274  1.059
  1.162  1.096  1.256  1.047
  1.149  1.110  1.218  1.025
  1.142  1.121  1.193  1.022
  1.129  1.127  1.162  1.006
  1.119  1.134  1.134  0.996
  1.107  1.137  1.111  0.968
  1.092  1.123  1.091  0.972
  1.085  1.124  1.070  0.986
  1.076  1.119  1.057  0.978
  1.061  1.106  1.038  0.975
  1.058  1.101  1.036  0.968
  1.048  1.093  1.024  0.968
  1.036  1.081  1.007  0.972
  1.027  1.066  1.003  0.970
  1.016  1.055  0.992  0.958
  1.007  1.040  0.987  0.955
  0.999  1.034  0.974  0.958
  0.997  1.031  0.968  0.978
  0.986  1.019  0.958  0.961
  0.985  1.015  0.962  0.951
  0.987  1.016  0.962  0.972
  0.984  1.012  0.958  0.970
  0.977  1.004  0.953  0.968
  0.980  1.008  0.954  0.971
  0.976  1.001  0.949  0.985
  0.975  0.996  0.950  0.991
  0.973  1.001  0.939  0.994
  0.970  1.000  0.937  0.986
  0.965  0.993  0.932  0.986
  0.962  0.990  0.931  0.971
  0.964  0.994  0.934  0.967
  0.962  0.991  0.934  0.955
  0.961  0.983  0.937  0.966
  0.964  0.984  0.944  0.968
  0.962  0.981  0.945  0.956
  0.961  0.979  0.947  0.943
  0.962  0.973  0.952  0.959
  0.966  0.977  0.959  0.957
  0.962  0.969  0.961  0.940
  0.966  0.967  0.968  0.957
  0.970  0.972  0.969  0.965
  0.973  0.975  0.975  0.963
  0.973  0.971  0.977  0.961
  0.976  0.972  0.981  0.969
  0.976  0.971  0.984  0.961
  0.977  0.971  0.987  0.958
  0.978  0.976  0.986  0.955
  0.978  0.972  0.986  0.968
  0.977  0.970  0.987  0.963
  0.978  0.969  0.993  0.958
  0.979  0.972  0.994  0.954
  0.982  0.972  0.998  0.956
  0.986  0.978  0.998  0.968
  0.986  0.981  1.000  0.957
  0.987  0.980  1.001  0.962
  0.993  0.988  1.003  0.977
  0.994  0.987  1.005  0.975
  0.995  0.985  1.005  0.991
  0.998  0.990  1.002  1.014
  1.002  0.993  1.006  1.018
  1.001  0.994  1.005  1.012
  1.008  1.001  1.012  1.020
  1.007  1.005  1.008  1.013
  1.007  1.005  1.006  1.018
  1.005  1.008  1.002  1.007
  1.007  1.010  1.002  1.014
  1.007  1.009  1.003  1.015
  1.008  1.008  1.008  1.007
  1.008  1.008  1.006  1.012
  1.006  1.005  1.007  1.009
  1.008  1.006  1.006  1.028
  1.011  1.011  1.010  1.020
  1.010  1.008  1.013  1.009
  1.012  1.011  1.010  1.020
  1.013  1.016  1.008  1.017
  1.013  1.013  1.013  1.018
  1.017  1.014  1.016  1.032
  1.014  1.013  1.009  1.031
  1.015  1.012  1.014  1.031
  1.013  1.008  1.015  1.029
  1.012  1.006  1.013  1.028
  1.008  1.005  1.007  1.024
  1.011  1.005  1.010  1.032
  1.008  1.008  1.002  1.035
  1.010  1.008  1.006  1.037
  1.009  1.007  1.007  1.027
  1.011  1.009  1.007  1.030
  1.011  1.009  1.009  1.029
  1.010  1.004  1.008  1.034
  1.010  1.006  1.006  1.040
  1.008  1.002  1.008  1.037
  1.009  1.005  1.009  1.027
  1.008  1.005  1.005  1.028
  1.010  1.010  1.009  1.015
  1.012  1.009  1.011  1.025
  1.013  1.013  1.011  1.019
  1.009  1.009  1.007  1.018
  1.008  1.008  1.008  1.013
  1.008  1.007  1.010  1.004
  1.007  1.006  1.009  1.004
  1.004  0.999  1.008  1.005
  1.002  0.998  1.006  1.001
  1.000  0.999  1.001  0.999
  0.997  0.995  0.998  0.999
  0.997  0.996  0.998  0.990
  0.997  0.994  1.001  0.991
  0.994  0.994  0.997  0.981
  0.992  0.988  0.999  0.978
  0.995  0.991  1.003  0.979
  0.995  0.996  1.001  0.971
  0.996  0.997  1.003  0.970
  0.997  1.000  1.001  0.974
  0.997  1.001  0.998  0.982
  0.998  1.000  0.997  0.992
  0.996  0.999  0.996  0.987
  0.993  0.996  0.992  0.985
  0.990  0.992  0.991  0.982
  0.991  0.994  0.992  0.973
  0.989  0.994  0.990  0.969
  0.987  0.994  0.985  0.967
  0.988  0.997  0.986  0.964
  0.986  0.997  0.981  0.961
  0.987  0.995  0.982  0.976
  0.989  0.996  0.986  0.978
  0.986  0.993  0.983  0.976
  0.986  0.993  0.981  0.975
  0.987  0.993  0.984  0.975
  0.988  0.994  0.984  0.975
  0.989  0.997  0.986  0.974
  0.990  0.998  0.985  0.978
  0.989  0.998  0.983  0.980
  0.991  0.997  0.988  0.977
  0.992  0.997  0.989  0.987
  0.993  0.999  0.988  0.993
  0.994  0.998  0.990  0.995
  0.996  1.002  0.989  0.998
  0.998  1.003  0.992  1.003
  0.998  1.003  0.993  0.997
  0.999  1.002  0.998  0.993
  0.998  0.997  0.999  0.997
  0.999  0.999  1.000  0.998
  1.004  1.001  1.005  1.011
  1.006  1.003  1.006  1.014
  1.007  1.004  1.007  1.015
  1.008  1.004  1.010  1.016
  1.009  1.004  1.012  1.014
  1.008  1.006  1.010  1.009
  1.010  1.007  1.012  1.008
  1.010  1.009  1.010  1.011
  1.011  1.007  1.014  1.018
  1.013  1.007  1.016  1.024
  1.014  1.004  1.020  1.029
  1.014  1.003  1.021  1.030
  1.016  1.007  1.023  1.023
  1.015  1.006  1.022  1.021
  1.014  1.003  1.023  1.018
  1.014  1.002  1.022  1.032
  1.015  1.001  1.024  1.031
  1.016  1.004  1.023  1.032
  1.017  1.007  1.021  1.038
  1.015  1.005  1.019  1.040
  1.013  1.003  1.016  1.040
  1.014  1.005  1.018  1.032
